file_number	genotype_raw	phenotype_binary	complexity_entropy
1	6,5,4,0,0,3,2,6,2,6,5,5,6,0,7	11111111111111111110000000000000000000011111111111	22.58
9	5,2,3,4,3,1,5,4,5,1,2,7,2,5,3	11111111111111111111111111111111111111110000000000	16.93
32	0,7,7,7,2,2,6,7,3,7,0,5,4,2,7	11111111111110000000000000000000000000000000011111	22.58
66	2,0,7,0,0,5,5,0,5,6,4,6,7,5,5	11111111111111111111000000000000000011111111111111	22.58
91	2,3,7,2,0,4,1,1,6,2,0,3,0,0,6	11111111110000000000000000000000000000000000000000	16.93
113	7,3,5,2,7,0,0,7,7,4,7,6,7,1,0	11111111111111111000000000000000000001111111111111	22.58
139	2,1,4,5,1,7,6,1,3,7,0,5,5,1,0	11111111111111111111111111100000000000000000000000	16.93
182	2,1,0,2,1,0,2,0,7,6,5,6,2,2,6	11111110000000000000000000000111111111111111111111	22.58
215	1,1,2,3,4,7,0,1,3,1,4,6,2,1,4	11111111111110000000000000000000000001111111111111	22.58
252	0,4,6,5,3,2,6,2,3,7,0,7,2,1,4	11111111111110000000000000000000000000000000000111	22.58
279	3,3,4,2,0,6,5,1,1,4,1,7,4,2,4	11111111111111111111111110000000000000000000111111	22.58
283	7,0,5,0,0,6,1,7,6,3,5,6,0,0,2	11111111111000000000000000000000000000000001111111	22.58
284	1,6,7,6,2,4,0,0,0,2,4,7,6,7,6	11111111111111111111111111111111111111000000000000	16.93
303	0,2,6,5,1,4,3,3,5,5,3,3,6,1,6	11111111111000000000000000000000000000111111111111	22.58
384	1,4,7,3,4,4,3,6,3,3,4,7,6,2,2	11111111111111111111111111100000000000000000111111	22.58
408	4,4,1,4,4,6,3,2,7,7,4,7,5,2,4	11111111000000000000000000000111111111111111111111	22.58
409	5,3,7,6,4,5,0,3,7,7,4,6,1,4,6	11111100000000000000000000000000111111111111111111	22.58
411	0,6,6,2,7,5,0,4,4,5,4,6,7,3,5	11111111111100000000000000001111111111111111111111	22.58
422	3,0,3,6,7,2,5,0,5,4,7,7,4,0,7	11111000000000000000000000111111111111111111111111	22.58
432	2,2,0,4,4,0,0,0,3,4,1,5,4,3,6	11111111000000000000000000000000000000111111111111	22.58
472	2,0,5,4,0,4,1,0,1,6,4,6,0,7,7	11111111111111111100000000000000000000000000011111	22.58
475	7,1,0,1,3,0,5,1,4,2,2,6,3,0,6	11111111100000000000000000000000000011111111111111	22.58
525	1,7,1,6,3,6,2,3,4,5,3,7,6,5,7	11111111111100000000000000000001111111111111111111	22.58
548	2,7,1,4,4,6,7,2,6,6,0,4,5,0,7	11111111100000000000000000000000000000000000000001	19.75
550	6,0,0,6,4,2,0,2,5,3,3,6,2,7,5	11111110000000000000000000000000000000111111111111	22.58
587	3,4,4,7,7,1,0,5,3,4,2,7,2,5,4	11111111111000000000000000000000000011111111111111	22.58
606	3,6,4,3,2,6,0,2,7,5,1,3,6,2,4	11111111111000000000000000000000000000000111111111	22.58
617	2,7,4,4,1,5,0,3,6,5,5,5,5,2,5	11111111110000000000000000000111111111111111111111	22.58
646	5,7,6,3,6,5,4,3,6,5,7,7,3,1,7	11111111110000000000000000000000111111111111111111	22.58
648	6,7,1,5,0,6,3,4,7,3,1,1,0,0,6	11111111111000000000000000000000000000000000000000	16.93
650	3,2,4,7,2,0,0,6,7,3,1,5,5,4,6	11111110000000000000000000000000000011111111111111	22.58
657	0,0,0,6,0,3,0,6,1,6,3,4,1,1,7	11111111100000000000000000000000000000000000000111	22.58
748	6,0,2,2,2,7,6,0,7,1,7,6,2,0,6	11111111111100000000000000000000000000111111111111	22.58
750	5,6,7,5,4,2,2,5,4,7,2,6,5,3,1	11111111111111111110000000000000000000000011111111	22.58
788	4,6,1,2,7,4,7,4,0,6,0,6,7,0,6	11111111111111111110000000000000000000000000000001	19.75
840	0,1,5,2,5,4,1,2,1,6,7,7,4,5,5	11111111111111111111111000000000000000011111111111	22.58
853	0,7,6,7,0,6,3,2,7,3,4,5,7,0,4	11111111111000000000000000001111111111111111111111	22.58
888	3,1,3,5,2,4,1,4,7,6,0,5,7,1,7	11111000000000000000000000000000000111111111111111	22.58
935	5,4,5,5,5,7,2,2,7,3,0,6,5,1,5	11111111000000000000000000000000000000011111111111	22.58
950	3,3,2,3,0,2,1,4,3,2,7,7,3,4,6	11111111111111111100000000000000000011111111111111	22.58
1014	1,0,4,2,2,6,1,1,7,5,7,3,5,3,7	11111111100000000000000000000000001111111111111111	22.58
1034	7,0,0,3,0,3,5,5,3,5,3,7,4,1,7	11111100000000000000000000000001111111111111111111	22.58
1070	0,2,3,5,3,0,7,6,6,3,0,4,6,1,4	11111111111111110000000000000000000000000000000000	16.93
1079	6,2,0,2,0,7,3,3,0,6,0,5,2,0,7	11111111111111000000000000000000000000000000000000	16.93
1114	5,5,4,4,7,7,2,2,7,3,6,7,7,7,6	11111111111111110000000000000000001111111111111111	22.58
1128	7,2,5,4,2,1,0,0,1,7,7,2,5,1,3	11111111111111111000000000000000000000000000000000	16.93
1129	4,4,5,4,6,6,0,2,5,7,5,7,7,3,3	11111111110000000000000000000000000000011111111111	22.58
1153	6,0,6,1,2,5,4,0,5,6,4,5,7,6,3	11111111111111111111111110000000000000000000000111	22.58
1183	5,1,6,2,7,4,3,5,6,3,0,5,5,3,7	11111111111000000000000000000000000000000000000111	22.58
1312	2,0,2,2,6,4,1,1,5,6,7,7,3,0,6	11111100000000000000000000011111111111111111111111	22.58
1313	3,0,2,0,6,4,4,2,5,6,4,7,4,5,7	11111111111110000000000000000000000011111111111111	22.58
1321	3,2,3,6,6,6,6,5,7,7,2,7,0,2,5	11111111100000000000000000000000000000000001111111	22.58
1355	4,2,2,5,2,3,3,1,5,4,7,7,3,6,4	11111111111111111111110000000000000000000001111111	22.58
1369	6,4,7,6,2,4,0,4,7,7,6,7,3,4,1	11111111111000000000000000000011111111111111111111	22.58
1384	6,3,1,3,6,7,1,6,6,5,6,2,7,3,6	11111111111100000000000000000000000000000000000111	22.58
1400	1,4,4,3,6,3,1,7,1,3,0,5,4,0,2	11111111111111111100000000000000000000000000000001	19.75
1411	4,2,7,3,6,2,3,4,6,0,1,4,7,1,4	11111111111111111111111110000000000000000000000000	16.93
1423	3,2,6,7,0,1,2,4,3,6,4,4,3,2,6	11111111111100000000000000000000000000001111111111	22.58
1432	1,6,6,1,3,6,3,5,3,4,7,7,7,2,5	11111111111111111111111100000000000000011111111111	22.58
1440	0,0,7,4,7,7,0,0,2,6,4,7,4,3,7	11111111000000000000000000111111111111111111111111	22.58
1447	1,0,4,1,2,5,5,5,4,6,3,6,7,5,4	11111111111111111111110000000000000000000111111111	22.58
1451	0,4,1,7,6,1,0,2,7,0,3,7,7,2,2	11111111111111111000000000000000000000011111111111	22.58
1452	2,5,6,6,3,6,6,7,7,2,4,7,7,6,6	11111111111111111111111111100000000000000000011111	22.58
1500	4,3,4,5,1,4,1,6,5,2,5,7,6,5,5	11111111111111110000000000000000111111111111111111	22.58
1518	0,3,0,6,6,6,2,0,3,7,1,6,1,1,1	11111111111111000000000000000000000000000000000111	22.58
1532	6,2,2,4,6,7,6,3,2,5,1,5,5,1,4	11111111111111110000000000000000000000000000000001	19.75
1551	1,5,6,0,7,4,2,7,2,7,5,7,1,4,5	11111111111111111111111111100000000000000000000011	22.58
1572	3,7,4,6,1,6,3,0,1,5,2,5,6,3,7	11111111111111111111100000000000000000000001111111	22.58
1586	0,0,6,3,1,5,1,6,3,7,4,7,4,4,3	11111111111110000000000000000111111111111111111111	22.58
1591	6,1,1,6,4,6,2,5,6,2,7,4,7,5,7	11111111111111111111000000000000000000000000000001	19.75
1598	6,6,3,4,3,0,1,1,7,6,0,6,2,7,2	11111111111110000000000000000000000000000000000000	16.93
1600	1,1,6,5,6,6,4,7,3,7,3,6,4,1,0	11111111111111111111111111110000000000000000000001	19.75
1606	3,4,3,4,5,6,3,0,5,0,0,7,6,1,3	11111111111111111111110000000000000000000000000001	19.75
1622	4,1,0,7,4,6,7,5,4,6,6,6,2,2,0	11111111111111111111111111111111111111111000000000	16.93
1697	5,0,5,5,7,4,0,4,6,5,2,4,2,5,4	11111111000000000000000000000000000000000011111111	22.58
1760	1,2,6,3,5,5,3,7,2,4,3,7,6,6,4	11111111111111111111111111111100000000000000000111	22.58
1811	7,7,3,4,3,3,5,3,4,1,0,6,5,0,3	11111111111111111000000000000000000000000000000001	19.75
1824	1,0,0,1,7,4,4,0,6,3,0,7,3,1,1	11111111111111100000000000000000000000000000000111	22.58
1856	4,7,1,4,4,1,0,7,1,5,2,7,0,4,7	11111111111100000000000000000000000000000000000001	19.75
1923	6,3,1,6,1,5,7,4,5,3,0,6,2,1,7	11111111110000000000000000000000000000000000000001	19.75
1935	7,3,6,0,4,3,2,6,1,2,3,6,3,0,5	11111111111111111111110000000000000000000000001111	22.58
1951	1,2,7,7,7,2,3,6,1,5,5,4,5,0,6	11111111111111000000000000000000000000000011111111	22.58
1967	5,5,2,7,1,6,2,6,5,5,0,4,5,1,6	11111111000000000000000000000000000000000000111111	22.58
1974	0,4,1,4,7,1,4,5,5,3,1,6,5,7,6	11111111111111111111100000000000000000000000000001	19.75
2015	6,2,0,6,5,2,6,1,5,6,7,4,4,1,7	11111100000000000000000000000011111111111111111111	22.58
2042	1,6,4,6,0,4,7,6,7,3,4,7,6,2,2	11111111111111111111111111000000000000000011111111	22.58
2072	5,3,3,7,7,4,3,3,7,3,6,7,5,3,5	11111111111110000000000000000000000111111111111111	22.58
2073	0,7,1,4,1,7,0,5,2,7,4,3,4,3,7	11111111111111100000000000000000000000000111111111	22.58
2093	1,4,7,5,1,7,2,7,3,1,7,6,6,3,7	11111111111111111111111111111100000000000000001111	22.58
2119	4,2,0,7,5,3,3,1,6,2,1,2,0,0,7	11111111111111111111111111111111111111111111111111	5.64
2133	0,2,7,6,0,2,1,5,3,1,3,7,1,1,4	11111111111111110000000000000000000000011111111111	22.58
2200	1,2,7,5,6,2,0,0,7,2,7,2,6,6,7	11111111111111110000000000000000000000000000000011	22.58
2206	4,0,3,2,6,6,2,6,5,4,2,7,4,4,2	11111111111111100000000000000000000000111111111111	22.58
2296	2,5,4,5,3,1,0,7,4,4,2,7,4,4,0	11111111111111111111100000000000000000000111111111	22.58
2311	6,6,1,3,3,2,4,0,5,5,4,6,4,7,7	11111111111111111000000000000000000000000000011111	22.58
2323	5,6,5,5,0,1,6,3,3,3,2,6,7,1,2	11111111111111111111111111000000000000000000000111	22.58
2340	1,3,2,7,3,4,3,2,3,5,4,6,2,6,4	11111111111111111111111110000000000000000000000001	19.75
2381	0,0,6,1,1,0,5,7,4,6,7,7,5,0,0	11111111111111111111111111110000000000000000000111	22.58
2389	7,0,7,4,1,6,4,3,5,6,0,7,6,2,3	11111111110000000000000000000000000011111111111111	22.58
2420	3,1,0,1,3,3,3,7,5,6,4,5,6,5,2	11111111111111111111100000000000000000000000000011	22.58
2446	6,4,4,1,5,2,2,6,6,4,0,5,7,1,4	11111111111100000000000000000000000000000000011111	22.58
2478	5,3,0,7,6,0,7,0,4,6,7,4,0,1,7	11111110000000000000000000000000000000000011111111	22.58
2504	4,6,7,6,5,1,3,6,4,2,6,7,1,6,4	11111111111111111111111111111111111111100000000000	16.93
2515	2,0,5,4,0,4,3,3,7,4,5,4,6,3,2	11111111111111111111111000000000000000000000011111	22.58
2520	3,4,7,7,1,5,5,1,7,5,2,4,3,3,7	11111111111110000000000000000000000000000000111111	22.58
2537	2,5,0,3,0,6,5,2,3,4,2,6,2,3,4	11111111111111111111100000000000000000000000000111	22.58
2570	7,5,7,2,2,2,4,6,4,2,5,7,6,2,7	11111111111111111100000000000000000000011111111111	22.58
2576	6,2,0,7,1,2,6,7,6,3,3,3,6,0,7	11111111000000000000000000000011111111111111111111	22.58
2578	3,4,3,1,2,2,0,1,3,0,3,7,5,1,2	11111111111111111111111100000000000000000000011111	22.58
2592	5,3,5,2,0,2,3,7,7,7,6,5,3,6,3	11111111111111111111000000000000000000000000111111	22.58
2614	1,7,2,3,4,2,6,3,6,7,4,5,3,1,2	11111111111111111100000000000000000000000000000011	22.58
2647	1,2,6,0,2,5,2,1,3,5,2,7,6,6,6	11111111111111111100000000000000000111111111111111	22.58
2685	4,5,6,0,3,3,0,7,4,2,2,6,4,2,3	11111111111111111110000000000000000000000111111111	22.58
2730	4,5,7,0,3,4,2,0,7,7,1,7,6,2,7	11111111111000000000000000000000111111111111111111	22.58
2737	7,3,2,1,0,5,5,7,5,4,2,5,6,6,2	11111111111111111111111111111111111000000000000000	16.93
2794	5,2,7,4,2,5,0,1,3,2,5,4,6,4,6	11111111111111100000000000000000000001111111111111	22.58
2836	0,4,7,0,0,7,4,6,3,4,2,7,5,3,7	11111111111111111111000000000000000001111111111111	22.58
2852	3,3,2,2,3,2,3,3,4,4,5,7,4,3,2	11111111111111111111111000000000000000000000111111	22.58
2860	1,5,7,7,5,3,4,2,1,3,6,7,4,0,6	11111111111111111000000000000000000011111111111111	22.58
2867	6,4,2,3,7,4,3,2,1,5,7,6,7,0,7	11111111111110000000000000000000011111111111111111	22.58
2904	2,1,7,7,1,7,1,5,6,2,1,3,7,4,3	11111111111111111110000000000000000000000000000111	22.58
2908	7,0,4,2,6,4,4,6,6,4,5,6,7,0,7	11111000000000000000000001111111111111111111111111	22.58
2926	1,5,2,5,5,7,0,7,1,4,5,7,4,7,4	11111111111111111111111100000000000000000111111111	22.58
2936	3,5,3,6,7,1,1,4,1,5,4,7,2,5,5	11111111111111111110000000000000000000000001111111	22.58
2969	4,1,1,4,4,6,4,4,6,6,0,2,6,0,4	11111110000000000000000000000000000000000000000001	19.75
2995	4,7,2,4,6,3,0,5,7,3,3,7,0,3,3	11111111110000000000000000000000000000000111111111	22.58
3002	7,5,4,1,6,5,5,7,5,6,6,7,1,4,4	11111111111111111111100000000000000000000000001111	22.58
3021	0,6,7,3,3,6,3,2,7,1,6,6,6,3,4	11111111111111111111111111111100000000000000000011	22.58
3044	4,5,6,6,4,2,2,4,5,7,1,6,1,1,3	11111111100000000000000000000000000000000000111111	22.58
3070	1,5,6,7,4,7,1,7,4,3,7,4,4,2,6	11111111111111000000000000000000000001111111111111	22.58
3082	6,7,2,6,3,6,3,0,7,1,3,6,6,2,6	11111111111111100000000000000000000000011111111111	22.58
3093	7,1,1,3,4,3,0,2,3,7,7,6,6,5,3	11111111111000000000000000000000000000000000011111	22.58
3143	3,0,4,3,1,1,3,6,5,6,4,7,6,3,0	11111111111111111111111111111000000000000000000111	22.58
3171	5,2,5,3,0,2,4,7,4,7,5,7,1,4,2	11111111111111111111110000000000000000000000111111	22.58
3195	4,3,1,4,4,5,3,1,5,7,6,6,7,3,1	11111111111111111111000000000000000000001111111111	22.58
3203	6,6,7,3,4,2,7,6,1,6,2,7,1,0,6	11111111111111100000000000000000000000000000111111	22.58
3236	2,0,5,3,4,2,0,2,5,6,2,4,5,2,5	11111100000000000000000000000000011111111111111111	22.58
3252	1,5,2,0,0,0,0,0,5,6,0,5,6,5,7	11111111111110000000000000000000000000000111111111	22.58
3254	0,1,7,5,6,2,4,0,7,7,1,5,3,2,4	11111111110000000000000000000000000000000011111111	22.58
3256	6,0,2,7,5,3,6,4,2,6,0,4,4,0,4	11111110000000000000000000000000000000000000000111	22.58
3296	7,4,2,4,4,7,5,3,1,6,6,7,1,3,6	11111111111111111111111000000000000000000000000111	22.58
3302	4,1,7,4,6,5,0,0,7,3,3,6,2,3,1	11111111111100000000000000000000000001111111111111	22.58
3313	0,4,5,4,0,1,1,3,1,7,5,5,4,7,5	11111111111111111111111111111000000000000000000011	22.58
3349	4,0,0,4,6,7,3,5,2,7,1,3,4,1,5	11111111000000000000000000000000000000000000000001	19.75
3384	3,6,5,5,3,1,1,2,3,4,5,5,1,2,7	11111111111100000000000000000000000000000011111111	22.58
3392	6,1,1,5,1,2,0,7,5,1,4,5,6,7,5	11111111111111110000000000000000000000001111111111	22.58
3400	3,0,5,0,0,2,0,4,3,6,1,6,6,1,6	11111111100000000000000000000000011111111111111111	22.58
3418	2,5,7,7,2,7,3,1,7,6,2,6,7,3,0	11111111111111111111111110000000000000000001111111	22.58
3440	2,0,5,4,5,0,4,5,2,6,2,7,4,3,7	11111111111111000000000000000000000000001111111111	22.58
3448	2,1,7,3,1,0,2,6,7,6,5,7,4,2,6	11111111000000000000000000001111111111111111111111	22.58
3451	3,5,5,4,0,7,6,6,7,5,3,7,7,1,0	11111111111111111111111111100000000000000011111111	22.58
3456	6,0,5,2,1,1,6,1,6,0,5,6,7,0,5	11111111111111111111110000000000000000000000000011	22.58
3475	2,4,5,7,1,5,1,4,6,7,5,6,5,2,6	11111110000000000000000001111111111111111111111111	22.58
3491	1,3,1,3,7,1,3,6,6,7,7,6,1,3,2	11111111111111111100000000000000000000000000000111	22.58
3549	3,0,0,0,0,7,4,0,5,5,6,6,2,3,1	11111111111111111111111111100000000000000000000001	19.75
3634	4,4,2,2,1,2,5,3,2,7,1,6,5,3,6	11111111111111111000000000000000000000000001111111	22.58
3646	5,5,7,7,5,7,2,3,1,3,3,7,3,3,4	11111111111111111111111110000000000000000000011111	22.58
3662	5,0,5,7,2,5,5,5,6,3,2,7,3,2,2	11111111111111111100000000000000000000000111111111	22.58
3719	1,0,0,1,5,7,7,2,5,2,2,7,7,3,4	11111111111111111111111100000000000000000000000111	22.58
3725	3,3,5,5,6,6,1,2,5,4,6,3,1,2,7	11111111111000000000000000000000000000000000000011	22.58
3765	5,0,4,5,4,2,0,6,6,7,3,5,7,6,3	11111110000000000000000000000001111111111111111111	22.58
3773	2,2,1,4,3,2,0,3,7,1,2,6,7,7,6	11111111111100000000000000000000000111111111111111	22.58
3777	1,2,5,5,4,4,0,7,4,7,0,6,5,1,4	11111110000000000000000000000000000000011111111111	22.58
3780	2,5,6,3,0,4,1,3,6,5,7,4,6,2,7	11111111111000000000000000000111111111111111111111	22.58
3787	0,6,1,5,0,1,0,6,7,7,5,6,4,5,0	11111111111111111111000000000000000000111111111111	22.58
3835	3,7,6,5,0,1,3,0,4,7,6,7,1,7,3	11111111111111111111111111000000000000000000001111	22.58
3898	4,5,6,6,6,1,3,0,6,7,4,6,1,2,1	11111111111111111000000000000000000000000000001111	22.58
3932	7,3,3,7,5,0,0,6,4,5,2,6,2,3,3	11111111000000000000000000000000000011111111111111	22.58
3963	1,1,6,7,6,7,0,7,5,0,6,5,1,1,3	11111111111111111100000000000000000000000000111111	22.58
3973	5,6,7,7,2,5,1,5,6,3,4,3,5,7,7	11111111111111111000000000000000000000000000000111	22.58
3977	7,2,0,4,1,7,2,2,7,7,1,4,2,4,4	11111111000000000000000000000000000000000000000011	22.58
3986	4,6,0,4,1,1,6,3,4,6,5,5,7,1,6	11111111111100000000000000000000000011111111111111	22.58
4009	0,3,4,4,4,4,1,7,6,4,5,6,7,4,1	11111111111111111111110000000000000000111111111111	22.58
4023	2,6,7,5,6,5,0,6,4,2,3,5,4,3,7	11111111111000000000000000000000001111111111111111	22.58
4072	7,2,2,2,0,0,2,6,5,4,2,6,6,6,6	11111111111111000000000000000000000000011111111111	22.58
4089	4,6,7,5,1,5,6,3,1,4,7,7,5,0,3	11111111111111111111111111100000000000000001111111	22.58
4099	5,5,3,6,1,7,2,3,4,7,7,7,3,2,2	11111111111111000000000000000000111111111111111111	22.58
4100	1,2,0,3,6,2,7,1,0,4,6,5,0,1,6	11111111111111111111111111111111111111111111111100	16.93
4111	6,1,7,0,4,1,0,4,7,0,3,5,1,3,7	11111111111111100000000000000000000000000000000001	19.75
4147	5,1,1,4,1,3,4,4,5,5,4,6,2,0,2	11111111000000000000000000000000011111111111111111	22.58
4157	1,4,7,4,4,3,0,5,6,7,3,6,5,5,0	11111111111111111110000000000000000001111111111111	22.58
4186	0,1,5,1,6,3,0,6,7,3,6,7,7,2,5	11111111000000000000000111111111111111111111111111	22.58
4191	2,5,5,3,5,0,7,6,4,4,6,6,6,0,7	11111111111110000000000000000000000000011111111111	22.58
4217	1,3,5,2,7,1,2,0,6,2,4,7,4,7,7	11111111111111111100000000000000000000001111111111	22.58
4225	6,1,4,4,5,3,2,2,7,6,5,7,0,6,1	11111111111111111110000000000000000000000000001111	22.58
4241	4,0,2,5,0,5,0,5,7,5,7,7,4,3,3	11111111000000000000000000000000000111111111111111	22.58
4262	4,4,7,4,7,2,1,1,7,4,7,7,7,0,6	11111110000000000000000011111111111111111111111111	22.58
4317	6,0,2,2,2,7,3,0,4,7,3,5,6,2,1	11111111111111111000000000000000000000000111111111	22.58
4334	7,5,7,2,4,3,7,2,6,6,1,6,2,0,3	11111111111100000000000000000000000000000000111111	22.58
4350	2,6,3,3,3,0,3,2,2,5,0,7,4,0,2	11111111111111110000000000000000000000000000011111	22.58
4390	0,4,7,7,6,6,2,1,4,4,5,7,4,4,5	11111111111111100000000000000000111111111111111111	22.58
4397	1,7,4,5,6,7,0,5,7,4,3,3,6,5,4	11111111111110000000000000000000000000111111111111	22.58
4404	3,1,3,5,7,7,1,4,6,7,3,5,0,1,0	11111111111110000000000000000000000000000000000011	22.58
4405	5,5,1,3,0,4,1,3,4,2,3,5,3,0,3	11111111111110000000000000000000000000000011111111	22.58
4452	1,3,7,7,5,7,2,1,6,7,6,4,7,0,2	11111111110000000000000000000001111111111111111111	22.58
4477	5,0,0,6,4,2,5,7,3,2,1,7,5,1,1	11111111111111111111000000000000000000000000000111	22.58
4494	5,6,4,0,2,1,0,7,4,6,1,0,4,3,3	11111111111111111111111111111110000000000000000000	16.93
4505	5,7,3,6,6,3,1,7,2,6,1,6,7,2,6	11111111110000000000000000000000000111111111111111	22.58
4524	1,4,0,6,7,3,2,3,6,7,3,1,6,0,3	11111111111111111000000000000001111111111111111111	22.58
4593	5,7,6,5,1,4,1,6,4,5,4,7,7,0,6	11111111100000000000000000011111111111111111111111	22.58
4615	4,2,6,5,7,3,4,2,6,1,3,5,1,0,5	11111111111100000000000000000000000000000000000011	22.58
4619	1,2,6,5,3,1,0,6,4,7,2,7,6,5,6	11111110000000000000000000011111111111111111111111	22.58
4726	1,5,0,2,7,6,2,4,5,2,5,3,6,0,6	11111111111110000000000000000000000000000000001111	22.58
4729	4,3,5,1,0,1,5,2,2,7,4,6,2,2,7	11111111111111111000000000000000000000000011111111	22.58
4755	4,2,6,0,4,0,3,1,4,5,2,7,1,5,6	11111111111111110000000000000000000000000000001111	22.58
4843	0,2,7,4,1,1,0,4,3,3,7,6,7,2,3	11111111111111100000000000000111111111111111111111	22.58
4861	5,7,3,7,2,0,2,2,3,5,1,6,6,1,6	11111111110000000000000000000000000001111111111111	22.58
4913	5,3,7,6,5,5,1,0,1,6,6,5,2,3,3	11111111111111111111111000000000000000000000000011	22.58
4954	6,4,7,1,4,7,2,2,2,7,0,7,6,0,0	11111111111111111111111000000000000000000000001111	22.58
4968	1,1,7,4,5,3,3,2,5,6,1,7,5,3,7	11111111100000000000000000000000111111111111111111	22.58
5036	6,2,3,4,6,6,1,1,4,7,1,7,7,3,2	11111111110000000000000000000000011111111111111111	22.58
5079	5,6,4,2,1,7,2,5,3,7,6,4,6,3,3	11111111111111111111111110000000000000000000001111	22.58
5092	5,7,2,6,3,7,3,4,6,4,3,6,3,6,6	11111111111111100000000000000000000000001111111111	22.58
5112	0,3,0,1,2,1,2,7,6,2,0,6,1,6,1	11111111111111111111111111111000000000000000000000	16.93
5124	1,1,0,6,4,2,0,4,5,6,0,6,2,0,0	11111111111000000000000000111111111111111111111000	28.22
5144	0,1,6,4,1,4,3,6,3,2,2,7,4,0,4	11111111111100000000000000000000111111111111111111	22.58
5147	1,6,5,7,0,1,5,3,7,7,6,6,7,1,0	11111111111111111111111111111000000000000000001111	22.58
5160	0,7,4,3,2,1,0,4,5,2,6,6,4,7,7	11111111111111100000000000000000011111111111111111	22.58
5162	4,0,2,5,6,0,7,7,7,5,1,7,5,1,7	11111100000000000000000000000000000011111111111111	22.58
5176	0,4,1,0,0,7,3,1,5,7,5,5,4,6,5	11111111111111111111111000000000000000000011111111	22.58
5205	0,5,6,3,1,0,6,0,3,7,3,3,0,1,2	11111111111111111111111111111100000000000000000000	16.93
5213	6,3,7,6,1,1,1,5,7,6,4,6,3,2,7	11111100000000000000000000000111111111111111111111	22.58
5224	2,3,7,3,0,2,5,4,1,7,7,7,7,2,4	11111111111111111111111111111111000000000000000111	22.58
5232	5,0,6,2,6,0,0,1,7,4,1,5,4,3,7	11111000000000000000000000000000000011111111111111	22.58
5238	2,1,5,6,2,1,1,7,7,3,0,4,2,2,7	11111110000000000000000000000000000000000000000000	16.93
5279	1,2,2,5,0,7,4,7,7,3,6,7,1,5,4	11111111111111111111111000000000000000000001111111	22.58
5282	1,7,1,6,0,6,3,2,6,6,4,7,1,6,7	11111111111100000000000000000000001111111111111111	22.58
5285	6,0,5,2,0,5,3,1,6,6,1,4,4,7,6	11111111111111000000000000000000000000000000001111	22.58
5305	2,0,0,2,5,5,4,5,2,6,2,6,2,1,6	11111111100000000000000000000000000000111111111111	22.58
5328	0,7,1,1,5,3,3,1,2,4,3,7,7,0,4	11111111111111111110000000000000000000111111111111	22.58
5367	0,1,6,0,0,1,1,4,5,6,5,4,5,0,3	11111111111111100000000000000000000111111111111111	22.58
5385	6,6,4,3,6,1,5,6,6,3,6,4,7,6,7	11111111111111111111111111111111100000000000000000	16.93
5410	0,5,6,5,6,5,0,1,7,2,1,5,6,4,5	11111111110000000000000000000000001111111111111111	22.58
5436	2,2,0,6,0,2,0,7,6,3,3,3,6,0,5	11111111111111111111111111111111111000000000000011	22.58
5450	6,2,2,1,0,4,3,6,7,7,2,5,0,1,3	11111111110000000000000000000000000000000000000011	22.58
5459	3,1,0,3,0,7,2,1,6,3,2,6,6,0,6	11111111000000000000000000000000000000000000001111	22.58
5486	4,7,1,4,1,4,2,1,3,5,1,0,6,1,1	11111111111111111111111111111111111111111111000000	16.93
5494	0,4,7,4,7,3,4,3,6,7,5,7,7,5,7	11111111111100000000000000000011111111111111111111	22.58
5573	7,4,7,1,6,6,2,3,5,4,0,7,4,5,3	11111111111111110000000000000000000000000000111111	22.58
5601	0,3,5,6,3,7,2,5,1,7,6,6,7,4,3	11111111111111111111111111111111100000000000000011	22.58
5649	6,4,0,4,0,6,1,3,7,2,3,7,3,2,7	11111111000000000000000000000000000000001111111111	22.58
5662	1,5,6,7,2,7,5,4,3,7,4,7,6,1,5	11111111111100000000000000000111111111111111111111	22.58
5700	3,0,3,7,0,1,0,4,7,0,1,4,2,0,2	11111111110000000000000000000000000000000000000111	22.58
5707	1,2,2,5,1,4,2,4,5,3,6,7,1,5,4	11111111111111111110000000000000000000001111111111	22.58
5738	3,4,4,4,4,6,1,5,7,5,1,3,7,3,5	11111111110000000000000000000000000000000000011111	22.58
5786	1,3,2,0,1,3,2,0,2,7,7,7,3,5,6	11111111111111111111111100000000000000000011111111	22.58
5796	7,6,7,5,2,1,1,6,6,4,4,3,5,0,4	11111111110000000000000000000000000000001111111111	22.58
5806	4,2,1,7,0,3,0,1,5,3,3,6,4,5,6	11111111000000000000000000000001111111111111111111	22.58
5841	3,7,6,3,1,1,2,6,2,6,4,7,3,5,6	11111111111111111100000000000000000000111111111111	22.58
5844	6,3,7,3,0,6,2,5,5,1,6,7,7,0,4	11111111111110000000000000001111111111111111111111	22.58
5846	6,2,6,2,2,7,4,4,1,4,3,7,3,4,6	11111111111111111111111111110000000000000000000011	22.58
5859	5,7,3,7,5,1,0,2,7,2,6,3,5,3,6	11111111111000000000000000000000000000000000111111	22.58
5888	4,2,2,4,7,0,6,7,6,0,7,5,6,1,5	11111111111111111111111111111111111111111111111110	14.11
5901	6,3,5,1,2,1,5,3,3,6,2,5,0,2,4	11111111111111111110000000000000000000000000000000	16.93
5964	1,6,0,4,7,0,0,0,5,7,1,6,5,5,7	11111110000000000000000000000000000111111111111111	22.58
5980	6,1,1,6,1,0,2,7,5,1,7,5,1,0,7	11111110000000000000000000000000011111111111111111	22.58
6096	6,7,5,2,0,7,7,5,6,2,0,7,4,4,6	11111111111111111111000000000000000000000000011111	22.58
6124	1,4,3,1,3,2,3,7,1,7,4,7,5,4,6	11111111111111111111111100000000000000000001111111	22.58
6163	1,1,1,6,5,4,2,4,4,4,2,7,7,2,2	11111111111110000000000000000000001111111111111111	22.58
6173	7,3,7,6,3,2,3,6,3,6,3,4,2,0,7	11111111000000000000000000000000000000000111111111	22.58
6245	0,2,3,0,1,7,3,1,5,6,7,6,7,4,6	11111111111111111100000000000000011111111111111111	22.58
6246	6,2,6,3,7,4,3,0,2,4,1,7,6,7,6	11111111111111111111100000000000000000000000111111	22.58
6262	4,7,2,5,0,7,3,2,7,5,3,4,7,2,6	11111111111000000000000000000000000111111111111111	22.58
6274	1,1,7,0,2,7,4,0,5,1,1,7,4,1,2	11111111111111111111111100000000000000000000111111	22.58
6299	3,1,7,1,2,5,0,0,2,7,4,2,1,2,0	11111111111111111111111111111111111111111100000000	16.93
6310	6,4,0,3,6,7,7,3,7,5,6,4,2,4,5	11111111111111111111110000000000000000000000000000	16.93
6351	4,6,4,2,0,4,0,4,7,6,3,6,7,6,2	11111111111111000000000000000001111111111111111111	22.58
6437	0,5,5,3,0,1,2,1,5,3,2,3,4,2,7	11111111111111100000000000000000000000000000011111	22.58
6466	2,0,7,0,1,2,6,6,5,1,0,3,0,0,5	11111111111111111100000000000000000000000000000000	16.93
6484	3,3,5,1,1,4,6,3,7,5,3,7,1,1,3	11111111111111000000000000000000000000111111111111	22.58
6494	5,1,5,2,7,0,2,3,7,5,0,4,6,0,3	11111111000000000000000000000000000000000000011111	22.58
6502	0,7,2,5,1,3,4,2,7,5,6,6,6,4,5	11111111111111111000000000000000000111111111111111	22.58
6545	4,1,7,5,2,6,5,7,7,0,6,6,7,0,5	11111111111111111111000000000000000000000011111111	22.58
6593	7,0,1,0,4,4,0,1,7,2,2,7,1,2,5	11111111000000000000000000000000000000000000000000	16.93
6627	2,2,7,2,0,6,1,4,1,1,0,5,5,2,7	11111111111111111111000000000000000000000000001111	22.58
6629	1,3,6,6,2,4,2,7,6,2,4,7,3,3,5	11111111111111000000000000000000011111111111111111	22.58
6679	0,6,5,5,0,0,1,6,4,7,7,7,4,7,4	11111111111111111000000000000000001111111111111111	22.58
6697	0,1,2,4,6,4,2,5,6,4,6,6,7,6,6	11111111111111100000000000000000001111111111111111	22.58
6731	2,7,4,5,1,0,0,0,5,5,6,6,5,6,4	11111111111110000000000000000000111111111111111111	22.58
6745	5,4,3,6,2,7,1,0,1,3,3,3,5,1,7	11111111111111110000000000000000000000000000000111	22.58
6760	2,0,7,6,5,6,1,3,5,4,5,3,3,0,2	11111111100000000000000000000000000000011111111111	22.58
6771	1,0,2,0,7,2,4,3,5,4,6,1,6,0,4	11111111111111111111000000000000000000000000000000	16.93
6794	3,0,7,5,0,7,2,3,5,2,7,7,7,1,1	11111111111111111111110000000000000001111111111111	22.58
6814	4,4,1,1,3,2,2,3,3,6,7,4,6,0,0	11111111111111111111111111111111110000000000000000	16.93
6828	0,5,3,4,4,5,6,7,6,5,3,6,6,1,3	11111111111111100000000000000000000011111111111111	22.58
6868	0,4,5,6,0,5,3,6,6,3,3,6,6,6,3	11111111111111111111111111000000000000000001111111	22.58
6885	0,4,4,1,4,6,2,2,7,1,3,6,3,3,7	11111111111111110000000000000000000000111111111111	22.58
7009	1,1,2,6,7,6,5,4,7,4,6,7,5,4,2	11111111111111111111111111100000000000000000000111	22.58
7015	7,3,6,7,0,1,2,6,1,4,1,7,7,1,4	11111111111111000000000000000000001111111111111111	22.58
7069	1,0,4,6,7,1,1,3,4,7,2,5,1,0,7	11111000000000000000000000000000000001111111111111	22.58
7071	3,2,0,2,1,7,1,1,2,6,5,7,1,0,4	11111111111111100000011111111100000000000000000000	28.22
7083	5,4,3,4,6,0,3,5,7,4,7,7,4,0,7	11111110000000000000000000111111111111111111111111	22.58
7153	6,2,1,3,3,6,1,3,7,6,3,4,7,1,7	11111111111111111111111111111111000000000111111111	22.58
7169	6,7,7,2,3,4,2,5,2,5,3,6,6,1,1	11111111111111111111111111100000000000000000001111	22.58
7178	4,3,3,7,6,6,6,6,7,4,0,7,4,3,1	11111111111111111111000000000000000000000000000011	22.58
7214	6,0,3,5,7,0,0,4,3,4,1,3,1,3,6	11111100000000000000000000000000000000000000000000	16.93
7215	0,5,4,3,4,1,2,5,3,2,2,7,7,1,4	11111111111111110000000000000000000011111111111111	22.58
7315	3,3,3,7,4,0,0,2,6,5,4,1,3,1,4	11111111100000000000000000000000000000000000000011	22.58
7369	2,0,2,6,1,7,1,0,3,5,3,2,7,3,7	11111111111100000000000000000000000000000000001111	22.58
7382	3,4,1,7,7,1,3,0,5,5,6,7,4,0,1	11111111111000000000000000000001111111111111111111	22.58
7390	3,4,4,6,1,1,0,6,7,4,0,3,6,2,7	11111110000000000000000000000000000000000000111111	22.58
7409	7,4,2,6,0,2,7,0,7,5,7,6,7,1,7	11111111110000000000000000000011111111111111111111	22.58
7415	2,6,5,3,1,7,1,6,7,2,5,7,7,5,3	11111111111111111110000000000000011111111111111111	22.58
7418	7,2,4,5,2,7,2,2,3,3,3,7,5,0,7	11111110000000000000000000001111111111111111111111	22.58
7443	5,1,0,7,0,0,7,1,7,6,6,6,4,1,7	11111100000000000000000001111111111111111111111111	22.58
7488	7,5,3,5,6,5,2,1,7,7,6,7,3,5,6	11111111100000000000000000000001111111111111111111	22.58
7498	2,2,5,2,3,0,3,3,4,5,5,5,3,1,4	11111111111111000000000000000000000000000000111111	22.58
7559	5,2,4,2,7,4,0,6,7,6,6,3,5,3,7	11111111000000000000000000000000111111111111111111	22.58
7568	2,7,6,2,4,6,1,6,6,5,7,7,7,0,7	11111111100000000000000011111111111111111111111111	22.58
7572	0,3,6,3,1,5,2,6,3,7,1,6,6,7,2	11111111111111111111111000000000000000000111111111	22.58
7584	2,3,1,5,2,3,0,6,5,6,4,3,6,0,5	11111111111111111111111111111111100000000000001111	22.58
7647	4,4,4,6,0,4,3,2,2,5,1,6,0,1,0	11111111111111111111111111110000000000000000000000	16.93
7652	7,1,2,7,7,0,2,3,6,5,3,4,5,4,6	11111111100000000000000000000000000000000000011111	22.58
7696	6,4,5,7,6,1,2,6,6,2,4,2,3,4,4	11111111111111111111111111111111000000000000000000	16.93
7698	4,5,0,4,1,6,3,5,7,2,5,4,6,0,1	11111111111111110000000000000000000000000001111111	22.58
7700	3,0,6,3,3,2,0,2,7,1,4,3,7,4,3	11111111111111111100000000000000000000000000001111	22.58
7746	2,5,5,2,6,3,1,7,2,4,4,6,5,1,1	11111111111111111111111111000000000000000000011111	22.58
7817	3,7,3,2,5,4,7,0,2,6,5,7,7,1,7	11111111111111111000000000000000000000111111111111	22.58
7833	2,6,4,7,6,4,1,5,4,4,1,4,6,7,6	11111111111111100000000000000000000000000000001111	22.58
7848	5,4,3,3,4,7,5,3,7,3,4,6,2,2,5	11111111111111100000000000000000000000000011111111	22.58
7917	4,5,2,5,2,1,0,7,3,7,3,1,5,1,5	11111111111111000000000000000000000000000001111111	22.58
7922	1,0,3,1,6,1,4,4,6,4,0,1,3,0,4	11111111111100000000000000000000000000000000000000	16.93
7925	2,0,4,6,6,7,0,3,5,7,7,3,6,7,1	11111111111111111111111000000000000000000000000001	19.75
7973	3,6,6,6,0,3,2,5,2,7,6,6,6,4,3	11111111111111111111111100000000000000001111111111	22.58
8029	2,2,1,1,5,6,3,7,1,2,7,7,6,2,7	11111111111111111111111111111100000000000000000001	19.75
8043	4,0,6,1,7,7,2,1,1,7,6,7,5,7,3	11111111111111111111111111111111111100000000000000	16.93
8084	0,2,7,5,4,5,3,2,0,7,3,5,7,1,7	11111111111111111111000000000000000000011111111111	22.58
8095	4,0,4,0,3,4,5,4,7,4,2,6,2,4,7	11111111111110000000000000000000000000000001111111	22.58
8112	6,3,6,7,3,1,0,1,6,4,4,5,4,3,5	11111110000000000000000000000000111111111111111111	22.58
8113	0,6,1,4,0,7,2,0,3,2,6,7,6,1,5	11111111111111111000000000000000111111111111111111	22.58
8160	5,4,2,5,6,1,6,7,2,3,2,4,4,4,4	11111111111111111111111111111111111111111111110000	16.93
8167	3,7,3,1,4,2,3,1,7,6,2,0,1,3,3	11111111111111111111111111111111111110000000000000	16.93
8175	5,1,5,5,7,1,1,4,5,5,2,4,2,0,6	11111100000000000000000000000000000001111111111111	22.58
8195	4,4,2,6,0,1,5,2,4,7,5,5,7,4,4	11111111111111111111100000000000000000000000011111	22.58
8270	2,0,4,7,3,3,2,0,1,4,5,3,5,0,7	11111111111000000000000000000000000000000011111111	22.58
8293	2,2,1,6,4,6,1,0,6,6,2,4,1,2,3	11111111100000000000000000000000000000000000001111	22.58
8296	5,3,1,6,7,3,2,7,4,2,7,7,5,1,7	11111111100000000000000000000011111111111111111111	22.58
8302	6,4,3,4,4,0,2,2,4,7,7,4,6,5,7	11111111111111100000000000000000000000000000000011	22.58
8313	5,3,2,6,5,1,4,2,5,7,1,6,5,5,4	11111111111111000000000000000000000000000000011111	22.58
8326	2,0,1,2,2,4,1,2,6,3,0,6,1,6,7	11111111100000000000000000000000000000000000000000	16.93
8328	6,3,3,4,7,6,6,0,2,6,4,7,0,4,5	11111111111111111111111000000000000000000000000000	16.93
8337	1,7,2,6,1,7,2,5,1,7,3,7,4,4,4	11111111111111111111100000000000000000111111111111	22.58
8342	6,2,1,4,7,1,2,3,7,7,5,4,2,0,3	11111111111000000000000000000000000000000000001111	22.58
8354	4,5,7,5,5,0,1,2,4,4,1,2,7,1,3	11111111111111100000000000000000000000000000000000	16.93
8370	4,6,3,4,7,4,5,6,4,7,4,7,1,3,5	11111111111111000000000000000000000000000111111111	22.58
8415	1,1,5,3,3,1,1,1,5,4,3,6,2,3,7	11111111100000000000000000000000000111111111111111	22.58
8437	2,3,7,5,3,6,0,6,4,3,5,7,4,5,2	11111111111111111000000000000000011111111111111111	22.58
8443	7,1,7,6,7,5,2,0,4,4,1,6,6,1,6	11111110000000000000000000000000001111111111111111	22.58
8459	4,6,6,1,2,7,4,2,6,3,3,6,5,0,6	11111111111100000000000000000000011111111111111111	22.58
8486	5,2,0,6,1,1,6,0,6,3,6,7,6,4,7	11111111111111111000000000000000000000001111111111	22.58
8497	5,7,0,5,2,5,4,5,7,6,7,6,6,0,5	11111111100000000000000000000000000000001111111111	22.58
8559	2,4,3,6,0,6,4,1,5,3,3,5,7,2,5	11111111111111110000000000000000000001111111111111	22.58
8565	7,4,4,1,4,7,7,3,3,3,1,7,7,4,5	11111111111111111111111111000000000000000000000011	22.58
8586	1,4,6,5,3,7,1,3,6,1,4,7,6,4,5	11111111111111110000000000000000011111111111111111	22.58
8611	6,6,0,1,3,7,0,5,5,3,2,1,0,1,0	11111111111111111111111111111111111111111110000000	16.93
8616	6,0,3,2,3,3,4,2,4,2,0,6,0,7,1	11111111111111111111111111111111111111111111100000	16.93
8662	7,0,4,1,6,0,1,5,1,4,0,6,3,3,6	11111111111110000000000000000000000000000000000001	19.75
8663	1,1,4,3,3,7,3,4,6,4,6,7,6,5,4	11111111111111111110000000000000000111111111111111	22.58
8680	2,2,2,2,3,3,5,1,5,6,1,6,6,3,3	11111111111111110000000000000000000000000011111111	22.58
8716	5,1,7,2,5,5,5,2,5,4,5,5,5,4,5	11111111111111111111111100000000000000000000000001	19.75
8735	0,1,0,6,4,3,1,4,2,7,7,2,1,0,6	11111111110000000000000000000000000000000001111111	22.58
8740	0,5,6,4,4,0,2,7,7,4,7,5,7,4,7	11111111111111000000000000000000000011111111111111	22.58
8775	4,2,7,3,4,7,1,0,0,6,2,5,7,2,2	11111111111111111111111111111000000000000000000001	19.75
8791	6,0,5,3,4,0,6,0,5,7,2,5,5,3,5	11111111111111000000000000000000000000000000000001	19.75
8798	5,2,3,3,5,7,5,4,3,1,1,6,6,2,6	11111111111111111111111100000000000000000000000000	16.93
8808	6,1,6,1,7,5,1,7,7,1,5,7,1,6,3	11111111111111111111111100000000000000000000000011	22.58
8819	6,7,6,3,3,6,4,2,6,5,5,6,5,2,5	11111111111111000000000000000000000111111111111111	22.58
8850	7,5,1,5,6,6,5,5,6,1,4,4,6,4,4	11111111111111111111111111111111111111111111111000	16.93
8857	0,4,6,3,4,6,1,7,0,3,1,4,7,0,4	11111111111111111111110000000000000000000000011111	22.58
8864	5,1,0,3,3,3,1,3,7,5,7,4,5,4,5	11111111000000000000000000000000001111111111111111	22.58
8904	0,4,4,4,2,3,2,3,5,2,7,6,7,0,4	11111111111110000000000000000011111111111111111111	22.58
8923	3,2,1,0,5,6,5,7,3,5,3,7,7,5,7	11111111111111111111000000000000000000000111111111	22.58
8932	3,0,7,2,3,4,2,5,3,2,6,6,7,6,6	11111111111111111111111111111110000000000000000001	19.75
8934	5,7,4,1,2,0,4,6,4,5,2,7,7,6,7	11111111111111111100000000000000000000000011111111	22.58
8974	3,5,7,2,5,6,3,6,7,5,4,5,2,4,4	11111111111111111000000000000000000000000000111111	22.58
9010	2,0,7,5,3,3,0,1,5,1,5,6,6,5,6	11111111111110000000000000000001111111111111111111	22.58
9051	2,1,6,5,3,5,3,5,6,4,3,7,2,7,3	11111111111111111111100000000000000000000011111111	22.58
9087	3,5,6,5,6,0,0,2,3,7,3,3,4,4,1	11111111111111111111100000000000000000000000000000	16.93
9089	2,0,2,6,7,5,7,3,7,7,2,6,2,3,4	11111111111100000000000000000000000000000001111111	22.58
9098	4,7,2,6,2,6,2,6,6,2,5,6,0,6,6	11111111111111111110000000000000000000000000000011	22.58
9109	0,3,1,2,7,6,0,6,7,5,3,7,3,7,0	11111111111111111111110000000000000000000011111111	22.58
9180	0,3,7,4,1,6,4,7,2,6,0,7,3,0,7	11111111100000000000000000000000000000000111111111	22.58
9217	0,6,4,5,1,6,0,2,6,4,0,4,4,1,5	11111111110000000000000000000000000000000000111111	22.58
9219	3,0,1,3,1,2,0,7,2,3,7,7,2,5,3	11111111111111110000000000000000000111111111111111	22.58
9222	4,0,7,2,2,1,2,1,5,5,4,6,0,0,1	11111111111000000000000000000000000000001111111111	22.58
9241	2,5,0,4,1,0,0,7,4,5,4,6,3,4,0	11111111111111111111000000000000000000000001111111	22.58
9257	1,1,1,7,6,1,1,2,3,5,1,5,6,0,1	11111111100000000000000000000000000001111111111111	22.58
9288	4,7,3,0,0,5,6,0,6,4,2,7,6,4,5	11111111111111111111100000000000000000001111111111	22.58
9319	4,5,2,3,6,3,0,1,6,6,1,6,6,3,2	11111111110000000000000000000000000000111111111111	22.58
9364	3,7,1,7,4,3,3,1,6,5,4,3,5,0,7	11111111000000000000000000000000000001111111111111	22.58
9372	1,6,5,5,3,5,4,3,5,3,4,6,1,0,1	11111111111111111110000000000000000000000000111111	22.58
9388	7,7,6,7,0,0,0,5,3,6,6,5,7,6,2	11111111111111111100000000000000000001111111111111	22.58
9390	6,0,6,2,7,3,0,3,5,3,4,6,1,7,1	11111111111111111110000000000000000000000000011111	22.58
9391	7,6,7,1,5,2,4,0,2,1,1,7,7,2,7	11111111111111111111111110000000000000000000000011	22.58
9492	4,4,7,3,2,4,3,7,5,5,7,7,6,1,7	11111111110000000000000000011111111111111111111111	22.58
9514	6,5,0,4,4,6,2,6,4,6,6,4,6,4,7	11111111111100000000000000000000000000000111111111	22.58
9529	1,3,6,6,1,7,4,0,2,3,0,5,3,1,5	11111111111111111000000000000000000000000000000011	22.58
9554	0,0,1,3,5,6,0,5,4,3,3,3,3,1,4	11111111111000000000000000000000000001111111111111	22.58
9578	2,0,4,2,3,6,1,6,7,3,3,3,2,1,3	11111111110000000000000000000000000000000000001111	22.58
9603	4,7,2,1,4,7,1,2,1,7,7,6,7,1,4	11111111111111111111111111000000000000000000000001	19.75
9727	2,6,5,6,7,1,3,0,6,7,7,2,2,5,5	11111111111111111111111111000000000000000000000000	16.93
9773	7,2,5,2,2,5,2,1,4,4,5,7,7,0,5	11111111100000000000000000111111111111111111111111	22.58
9783	3,2,7,5,1,7,5,7,7,6,2,7,3,1,2	11111111111000000000000000000000011111111111111111	22.58
9814	0,1,7,5,1,3,0,0,7,5,6,7,6,2,4	11111110000000000000011111111111111111111111111111	22.58
9815	7,1,2,6,3,5,1,4,4,2,4,6,3,0,0	11111111111111100000000000000000000000000001111111	22.58
9837	0,5,3,6,4,4,0,7,7,7,2,5,2,6,1	11111111111110000000000000000000000000001111111111	22.58
9842	3,6,1,7,0,3,0,4,5,3,4,2,6,2,6	11111111111000000000000000000000000000011111111111	22.58
9861	0,1,4,2,1,3,1,5,6,2,4,7,5,2,1	11111111111111111110000000000000000011111111111111	22.58
9901	3,2,7,7,1,2,0,1,2,7,2,6,7,5,0	11111111111111111111111000000000000000001111111111	22.58
9913	6,7,3,1,0,2,3,2,3,7,4,6,1,2,6	11111111111111110000000000000000000000000111111111	22.58
9921	2,0,7,5,6,0,0,1,2,4,4,6,1,2,2	11111111111100000000000000000000000000011111111111	22.58
9930	3,1,4,2,5,6,0,1,4,5,2,6,0,0,2	11111111110000000000000000000000011100000000000000	25.4
9939	4,5,6,7,4,5,7,1,6,5,1,6,6,2,1	11111111111111111111110000000000000000000000000111	22.58
9945	3,0,4,3,1,6,4,0,4,4,0,7,3,1,5	11111111100000000000000000000000000000000011111111	22.58
9949	5,1,0,6,3,2,0,0,5,3,6,3,6,1,2	11111111111111111111111111111111110000001111111111	22.58
9954	7,1,5,0,1,7,2,6,6,5,4,3,2,1,4	11111111111111000000000000000000000000000000000011	22.58
9956	0,6,5,5,0,6,2,0,3,3,4,6,7,7,4	11111111111111111111111111111111110000000000000001	19.75
9966	4,0,7,6,7,1,4,7,4,4,6,7,2,4,6	11111111111111111100000000000000000000000001111111	22.58
9980	3,0,4,4,3,3,1,4,1,4,5,6,6,0,5	11111111100000000000000000001111111111111111111111	22.58
9994	6,6,5,7,2,6,1,4,3,7,5,6,4,2,6	11111111100000000000000000000111111111111111111111	22.58
